esc 8 -5.262690 -6.927068
recalibrated 1 -5.668155 -7.620215
system 142 -2.864795 -3.025095
leak 132 -6.361302 -2.760402
monitoring 11 -3.876396 -7.620215
reprogram 16 -3.588714 -7.620215
calibration 25 -3.365570 -7.620215
pcm 4 -4.975008 -7.620215
melting 16 -6.361302 -4.787001
disabled 13 -4.164078 -7.620215
dbna 2 -5.262690 -7.620215
updated 6 -4.751865 -6.521602
detaches 18 -6.361302 -4.675776
recalibrate 4 -5.262690 -6.927068
electronic 31 -3.876396 -5.135308
eps 9 -5.262690 -5.540773
reprogrammed 1 -5.668155 -7.620215
causing 106 -4.975008 -3.005094
ewps 3 -4.975008 -7.620215
eco 3 -4.975008 -7.620215
protected 7 -6.361302 -5.540773
misaligned 7 -6.361302 -5.540773
control 178 -2.186915 -3.066338
controlling 5 -4.751865 -6.927068
installed 70 -4.975008 -3.400707
event 151 -4.058717 -2.678572
reflash 1 -5.668155 -7.620215
affected 669 -2.490101 -1.221620
impact 36 -5.262690 -4.064867
diagnostics 1 -6.361302 -7.620215
locked 17 -6.361302 -4.729843
damaged 38 -5.668155 -3.982629
version 7 -4.569543 -6.521602
ecm 30 -3.142427 -7.620215
overloaded 8 -6.361302 -5.422990
remove 36 -4.975008 -4.093854
ecu 11 -4.281861 -6.927068
westport 36 -3.029098 -6.927068
disengaged 7 -6.361302 -5.540773
ecx 4 -4.751865 -7.620215
calibrations 1 -6.361302 -7.620215
install 153 -4.751865 -2.636608
unit 38 -3.416863 -4.675776
algorithm 1 -5.668155 -7.620215
upload 25 -3.365570 -7.620215
bcm 4 -5.668155 -7.620215
interface 1 -5.668155 -7.620215
vim 4 -4.751865 -7.620215
corrected 17 -6.361302 -4.729843
incorrect 86 -4.975008 -3.225766
module 106 -2.600102 -3.791573
software 81 -1.979276 -6.927068
update 42 -2.600102 -7.620215
programming 7 -4.281861 -7.620215
inspect 182 -6.361302 -2.444065
repair 59 -6.361302 -3.612882
receives 1 -5.668155 -7.620215
tpms 19 -3.365570 -7.620215
fmvss 80 -3.722245 -3.445828
